-2.006193573739729e-005
3.460328810250634e-005
8.957026676442649e-005
0.0001430236358813212
0.000193017766436175
0.0002374731538845838
0.0002741969335396273
0.000300933987072619
0.0003154522346604837
0.0003156621766371903
0.0002997668314001388
0.0002664342341897517
0.000214980960224333
0.000145552060537331
5.928066706792765e-005
-4.159040102754394e-005
-0.0001536422279059721
-0.0002722838297378647
-0.0003918384349455812
-0.0005057190589483831
-0.0006066945432625624
-0.0006872405932748514
-0.0007399633739775108
-0.0007580763891442921
-0.0007359051851692651
-0.000669389388209466
-0.0005565481629600357
-0.0003978737578819422
-0.0001966186520975511
4.105491284798752e-005
0.0003060885559181702
0.0005867221572095244
0.0008688768344965939
0.001136723042175946
0.00137341827033267
0.00156198664365663
0.001686301199267813
0.001732119539575884
0.001688115656926509
0.001546845673236859
0.001305583562251504
0.0009669649854421928
0.0005393833319503665
3.709183929428488e-005
-0.0005200210197748014
-0.001106999403812031
-0.001694729209516156
-0.002251166565140611
-0.002742843773868456
-0.003136591592262922
-0.003401399620653064
-0.003510322661219125
-0.003442331167098134
-0.003183999183951658
-0.002730924059798578
-0.002088778973172753
-0.001273911993669821
-0.0003134236033653435
0.0007553222935134168
0.001885771833286376
0.003023827401036618
0.004110023942526424
0.005082162184015668
0.005878297019499793
0.006439954410428335
0.006715430363083616
0.006663012204936595
0.006253956493443349
0.005475060131242626
0.004330671905463406
0.002844010563179984
0.001057682091523237
-0.0009666779197710735
-0.003149672485943454
-0.005396315643541985
-0.00759905911720729
-0.00964158021151762
-0.01140319752498155
-0.01276374549210839
-0.01360870987882765
-0.01383440583428439
-0.01335296921805001
-0.01209693151281102
-0.01002315903844066
-0.00711595821745113
-0.003389179588264801
0.001112807099548755
0.006315347720664707
0.01211497793945138
0.01838211187194684
0.02496486607117763
0.03169388778025658
0.03838800946102882
0.04486051190358559
0.05092574772647105
0.05640585734455738
0.06113730156863721
0.06497693940957176
0.06780739630697111
0.06954149621879126
0.07012556956792688
0.06954149621879126
0.06780739630697111
0.06497693940957176
0.06113730156863722
0.05640585734455738
0.05092574772647103
0.04486051190358559
0.03838800946102882
0.03169388778025658
0.02496486607117764
0.01838211187194684
0.01211497793945138
0.006315347720664708
0.001112807099548756
-0.003389179588264801
-0.00711595821745113
-0.01002315903844066
-0.01209693151281103
-0.01335296921805001
-0.0138344058342844
-0.01360870987882765
-0.01276374549210839
-0.01140319752498156
-0.009641580211517623
-0.007599059117207292
-0.005396315643541984
-0.003149672485943455
-0.0009666779197710705
0.001057682091523239
0.002844010563179989
0.004330671905463407
0.005475060131242625
0.006253956493443348
0.006663012204936596
0.006715430363083617
0.006439954410428333
0.005878297019499792
0.005082162184015667
0.004110023942526424
0.003023827401036619
0.001885771833286375
0.0007553222935134168
-0.0003134236033653429
-0.001273911993669822
-0.002088778973172752
-0.002730924059798579
-0.003183999183951658
-0.003442331167098134
-0.003510322661219125
-0.003401399620653066
-0.003136591592262923
-0.002742843773868457
-0.00225116656514061
-0.001694729209516156
-0.001106999403812031
-0.0005200210197748024
3.709183929428473e-005
0.0005393833319503657
0.0009669649854421931
0.001305583562251505
0.00154684567323686
0.00168811565692651
0.001732119539575885
0.001686301199267815
0.001561986643656633
0.00137341827033267
0.001136723042175946
0.0008688768344965936
0.0005867221572095248
0.000306088555918171
4.105491284798778e-005
-0.000196618652097551
-0.0003978737578819427
-0.0005565481629600365
-0.0006693893882094668
-0.0007359051851692656
-0.0007580763891442918
-0.0007399633739775106
-0.0006872405932748514
-0.0006066945432625626
-0.0005057190589483831
-0.0003918384349455817
-0.0002722838297378651
-0.0001536422279059722
-4.15904010275439e-005
5.928066706792767e-005
0.0001455520605373308
0.0002149809602243332
0.0002664342341897518
0.0002997668314001389
0.0003156621766371904
0.0003154522346604839
0.0003009339870726193
0.0002741969335396272
0.000237473153884584
0.0001930177664361752
0.0001430236358813211
8.957026676442646e-005
3.460328810250636e-005
-2.006193573739759e-005
