2.009983669020688e-005
-3.466866053747955e-005
-8.973948266154714e-005
-0.0001432938357336759
-0.0001933824150599602
-0.0002379217875018347
-0.0002747149456185537
-0.0003015025107182001
-0.0003160481861387479
-0.000316258524737249
-0.0003003331500584922
-0.0002669375809988066
-0.0002153871016523126
-0.0001458270370824647
-5.93926599381308e-005
4.166897349668699e-005
0.0001539324883726412
0.0002727982275864467
0.0003925786950194967
0.0005066744619782304
0.0006078407088945838
0.0006885389262789786
0.0007413613107112859
0.000759508544935593
0.0007372954551841091
0.0006706539967669778
0.0005575995921908297
0.0003986254198710466
0.0001969901035044431
-4.113247367436144e-005
-0.0003066668175607785
-0.0005878305910657491
-0.0008705183141789462
-0.001138870536163716
-0.001376012928282584
-0.001564937544449323
-0.001689486954770811
-0.001735391854959072
-0.001691304840297834
-0.001549767969750638
-0.001308050067060889
-0.0009687917729846057
-0.0005404023334304889
-3.716191309320015e-005
0.0005210034420289879
0.001109090743985447
0.001697930887192511
0.002255419462710852
0.002748025546644433
0.003142517232314678
0.003407825535290434
0.003516954352959682
0.003448834409498414
0.003190014386292864
0.002736083313884117
0.002092725088559032
0.001276318664640541
0.0003140157223590464
-0.0007567492462749649
-0.001889334428152523
-0.003029540007294118
-0.004117788588248102
-0.005091763390580594
-0.005889402281766259
-0.006452120754264764
-0.006728117135318303
-0.006675599948933713
-0.006265771450535917
-0.005485403599509104
-0.004338853398698717
-0.002849383459971001
-0.001059680261568396
0.0009685041649898246
0.003155622838382918
0.00540651034794283
0.007613415238409574
0.009659795057850987
0.01142474041380992
0.01278785872434591
0.01363441941541814
0.01386054175504185
0.01337819561010039
0.01211978500194633
0.0100420947624252
0.007129401665786569
0.003395582416851207
-0.001114909411604692
-0.006327278657891809
-0.01213786552184535
-0.01841683930621433
-0.02501202962624264
-0.03175376378428905
-0.03846053198099304
-0.04494526225703738
-0.05102195650645312
-0.05651241913228233
-0.06125280198753941
-0.06509969366152975
-0.06793549785017268
-0.06967287381868972
0.9296947605211159
-0.06967287381868972
-0.06793549785017268
-0.06509969366152975
-0.06125280198753941
-0.05651241913228233
-0.0510219565064531
-0.04494526225703739
-0.03846053198099304
-0.03175376378428905
-0.02501202962624264
-0.01841683930621434
-0.01213786552184535
-0.00632727865789181
-0.001114909411604693
0.003395582416851207
0.007129401665786568
0.01004209476242519
0.01211978500194634
0.0133781956101004
0.01386054175504186
0.01363441941541814
0.01278785872434591
0.01142474041380993
0.00965979505785099
0.007613415238409576
0.005406510347942829
0.003155622838382919
0.0009685041649898215
-0.001059680261568398
-0.002849383459971005
-0.004338853398698718
-0.005485403599509102
-0.006265771450535916
-0.006675599948933714
-0.006728117135318304
-0.006452120754264762
-0.005889402281766257
-0.005091763390580593
-0.004117788588248102
-0.003029540007294119
-0.001889334428152522
-0.0007567492462749649
0.0003140157223590458
0.001276318664640542
0.002092725088559031
0.002736083313884118
0.003190014386292864
0.003448834409498414
0.003516954352959682
0.003407825535290435
0.00314251723231468
0.002748025546644434
0.002255419462710851
0.001697930887192511
0.001109090743985448
0.0005210034420289889
-3.71619130932e-005
-0.000540402333430488
-0.000968791772984606
-0.00130805006706089
-0.001549767969750639
-0.001691304840297835
-0.001735391854959074
-0.001689486954770812
-0.001564937544449325
-0.001376012928282584
-0.001138870536163716
-0.0008705183141789459
-0.0005878305910657495
-0.0003066668175607793
-4.113247367436171e-005
0.000196990103504443
0.0003986254198710471
0.0005575995921908305
0.0006706539967669785
0.0007372954551841095
0.0007595085449355926
0.0007413613107112856
0.0006885389262789786
0.000607840708894584
0.0005066744619782304
0.0003925786950194972
0.0002727982275864471
0.0001539324883726413
4.166897349668696e-005
-5.939265993813082e-005
-0.0001458270370824645
-0.0002153871016523128
-0.0002669375809988067
-0.0003003331500584923
-0.0003162585247372491
-0.0003160481861387482
-0.0003015025107182004
-0.0002747149456185536
-0.0002379217875018349
-0.0001933824150599604
-0.0001432938357336758
-8.973948266154711e-005
-3.466866053747956e-005
2.009983669020717e-005
