107.3
43.7
32.7
42.2
33.3
28
42.2
42.2
83.7
70.3
33.5
97.5
74.3
26
83.7
35.2
49
35.2
82.7
13.3
13.1
12.7
12
27.7
16.7
12
20.1
10.3
10.3
30.6
22.2
13.2
10.9
19.4
16.9
26.6
7.3
27.7
12.8
13.1
12
10
10.3
10
18.7
14.9
15.4
33.8
5.6
16.2
6.8
19.7
6.8
13.5
13.3
48.5
8.5
14.5
15.3
54.5
22.3
13
13.8
13.4
13.4
5.5
13.8
8.3
13.8
6.7
15.4
12.3
23.7
23.4
14.7
20.4
13.1
23.7
12.3
23.7
23.7
12.3
13.6
8.1
9.6
13.6
8.9
48.3
9.2
13.6
8.9
21.5
61.6
33.5
61.6
33.5
12
13.4
10.7
11.9
12.2
14.3
16.8
12.2
15.6
13.6
15.9
12.2
14.4
11.9
11.1
12.7
14.7
7.3
13.3
4.8
16.2
5.2
11.2
16.1
12.1
19.3
9.9
10.6
8.4
6.9
12.5
1.8
5.9
13.6
10.1
8.7
16.6
12.1
12.4
9.5
10.7
12.7
6
11.8
12
15.4
14.1
17.3
21.9
13.1
12.9
13.4
11.5
11.5
22.2
14.1
19.4
21
14.6
14.7
16
18
14.4
16.6
19.1
22.6
12.5
17.7
12.7
16
14.6
12.9
13.4
18.6
9.1
14.9
11.1
18.1
8.1
12.5
11.8
13
12.3
9.5
16.3
12
13
13
15
9.7
15.1
15.3
12.8
14.1
13.8
10.1
26.4
10.1
10.2
13.7
7.6
12.9
9.7
15.9
6.1
17.5
12.6
20.8
10.7
17.6
16.9
15.4
13.7
18.7
15.1
18.3
15.7
16.9
18.9
18.2
15.2
16.8
21.4
18.1
18
15.2
14
18.5
13.2
14.9
18.4
18.1
17.6
15.8
15.5
15.3
14.8
15.5
18.8
15.5
17.3
13.5
18.5
11.8
18.5
20.8
17.5
19.5
20.3
34.2
13.4
16.2
13
13.9
16.1
13.5
14.1
21
11.8
9.3
23.2
22.5
25
20.9
21.7
26.9
16.9
19.6
13.3
17.4
11.5
13.5
17.3
22.8
19.2
16.5
46.2
57.5
51.7
43.1
46
50.3
54.6
70.9
33
43.5
75.6
30
46.2
38.9
10.2
11
16.4
30.3
11.8
19.3
14.6
16.5
28.7
11
19.4
42.5
17.7
20.6
9.1
16.7
12.4
43.6
9.4
9.1
44.3
16.4
16.4
16.4
16.4
16.4
16.4
16.4
16.4
16.4
30.4
11.5
15.7
60
38.4
28.6
27.6
24.3
26.7
41.6
18.3
16.1
21.3
38.8
24.9
16.7
12.3
14.7
33.4
18
62.5
126.2
83
102.1
86.9
132.8
71.1
73
69.1
58.4
71.7
46.3
83.2
116.1
119.4
56.3
85.7
8.1
108.5
56.6
87.1
42.5
56.7
25.6
138.9
59.3
68.7
56.7
75.9
48.5
56.3
119.4
101.5
144.5
1.2
4.1
6.2
6
1.7
1.8
2.9
4.1
3.7
7.5
3.7
9.6
2.8
9.3
4.8
5.6
4.3
1.7
6.7
6.8
7.7
6.8
7.3
7.2
4.1
5
2.8
8.6
7.1
8.7
4
9.1
3.6
7.5
14
10.4
9.1
7.5
3.3
12.1
14.5
11.8
5.9
2.6
4.9
11.7
7.3
5
10.2
10.1
4.7
9
10.2
13
6.4
11.8
9
4.5
9.8
2.9
7.2
4.2
3.9
20.9
17.6
17.5
18.2
24.7
10.8
22.5
18
17.8
23.1
18.4
23.5
20.7
20.1
19.9
19.6
26.7
20.2
29.5
10.4
0.8
1.4
1.2
0.3
0.7
1.5
1.2
1.3
1
1.1
0
0.9
0.5
0.6
1.2
1.1
1.8
0
0.6
0.5
0.6
0.5
0.6
0.3
0.2
0.5
0.4
0.4
0.7
1
0.2
0.1
0.2
0.3
1
0.4
0.7
0.6
2.5
3.3
1
1.2
0.6
1.7
0.7
2.7
1
2.5
2.5
4.9
3.4
5.8
4.4
3.2
5
8.6
10.1
15.9
4.6
11.4
13.7
8.6
11.2
9.6
9
15.2
8.2
17.4
6.4
11
6.5
18.7
9
2.6
7.9
13.1
17.2
19.6
3.9
3.7
15.9
12.6
6.9
6.2
6
6.1
5.5
4.6
15.7
7.9
7.9
8.8
8.7
7.5
5.9
10.8
4.5
1.8
6.5
4.1
7.9
8.3
3.1
3
7.7
1.9
1.2
8.1
8.1
8
18.4
22.1
13.6
23.1
33
8.5
26.9
13.6
35.4
6.6
23.2
19
18.8
15.6
24.6
14.7
62.6
18.5
27.9
17.3
18
16
6.5
9.7
13.1
40.9
4.9
21.2
7.1
17.9
53.3
17.9
17.9
0.3
1.9
1.4
0.7
5.9
2.4
2.3
4.3
4.4
1.4
1.8
1.2
0.3
1.2
1.7
1.4
1.6
1.4
3.5
1.3
2.7
1.9
2.5
0.5
2.4
2.3
3.4
1.1
1.5
2.1
17.5
2.5
13.2
13
2.3
1.7
2.9
17.5
3.4
19.3
13.4
2.3
19.8
4.8
