285
421.3
465.4
660.1
990.9
217.4
851.9
660.1
272
460.8
609.5
248.9
653
592.4
272
749.9
368.5
749.9
404
526.2
345.8
502.8
345.1
605.2
270.3
326.3
374.8
757.3
554.7
519.4
390.7
646
864.2
384.2
314.7
515.3
426.8
605.2
238.7
345.8
345.1
776.6
757.3
776.6
374.8
470.9
1518.4
1591.3
465.8
425.6
476.4
1050.3
476.4
324
366.1
1820.9
540.3
296.8
181.7
310.4
234.7
407.6
448.7
369.3
431.9
514.6
448.7
493.9
448.7
437.9
477.1
365.4
441.8
525.1
187.7
495.6
273.6
441.8
365.4
441.8
441.8
365.4
402.7
497.4
395.9
363.9
864.9
756.9
931.4
332.9
368.9
367
489.4
509
489.4
509
303.2
313.9
294.1
316.1
343.2
298.7
328.6
270.8
317.2
463.6
284.9
329.5
361
287.2
386.2
319.2
338
315.8
219.2
368.5
277.7
384.1
323.9
268.5
418.3
368.3
269.8
283.5
257.4
320.2
347.3
437.3
430.9
312.2
310.8
362.1
402.3
418.3
314.6
241
287.3
319.2
380.4
308.1
340.3
327.2
317.5
306.7
357.1
399.7
315.1
293.4
342.9
294.5
372.7
298.2
336.5
270.9
377.5
293.7
288.1
322.5
346.2
340.7
459.4
379.8
323.8
291
354.5
296.5
298.1
305.7
326.1
447
434.2
309.8
375.5
290
296.8
334.6
283.6
333.7
358.9
311
334.1
377.3
301.8
275.2
315.1
396.6
339.1
375
255.6
287.1
444.6
271.1
311.7
311.9
579.1
291.6
375.1
305.7
396.6
245.4
515.1
265.5
334.3
336.8
292.6
261
309.7
324.5
316.6
346.6
246
261.5
266.7
335.4
372.4
264.5
304.7
226.4
297.2
254.6
288.3
288.7
257.7
272.6
303.2
249.3
311.6
286.4
421.3
336.9
357.8
369.4
317.8
244.5
385.4
258.8
275.3
237
302.3
356.7
302.3
336.8
227.1
213.1
294.7
342.4
252.4
224.5
201.5
222
246.6
239.5
271.8
321.7
211.5
194.7
267
292.7
265.2
326.5
331.5
277
290.4
213.5
216.9
243.1
213.8
226.9
194
279.3
181.7
224.7
299.9
289.6
683.3
452.5
514
555.8
371.5
380.6
332.4
465.9
578
402.9
299.9
307.8
169
118.8
142.3
197.8
154.3
194.1
128.2
201.6
202.3
99.8
194.4
304.4
128.3
176.2
150.1
104.3
159.3
327
167.2
160.4
282.4
220.7
220.7
220.7
220.7
220.7
220.7
220.7
220.7
220.7
211.4
109.6
128.4
324.6
275.7
203.9
166.3
203
235.9
291
160.5
120
123
309.6
220.6
113
110.9
129.4
241.8
133.6
311.8
567.3
583.2
75
184.8
164.5
411.2
384.8
226.9
508
368.4
340
87.4
71.2
146.4
366.6
387.8
13.1
514.7
55.5
88
42.5
55.6
11.6
344.2
249
46.1
55.6
79.9
85.1
366.6
146.4
440.5
132.2
88.6
85.7
126.6
79.3
59.3
161.1
109.5
142.6
177.3
103.4
171
196.9
284.3
184.7
213.6
256.6
249.9
228.5
206.9
285.8
153.1
275.2
253.4
167.1
332
219.7
207.5
211.7
295.3
237
176.8
220.5
283.3
290.6
356.2
221.5
246
311.6
266.3
336.6
258
416.6
270.9
240.6
276.7
236
268.1
229.2
373.1
301.5
295.4
349.6
299
276.1
276.6
338.5
340.6
264.5
271.8
198
315.6
223.9
270.8
475.3
317.3
283.6
355.1
432.2
353.7
358.7
307
352.6
305.7
357.9
313.8
323.3
281.9
354.4
413.3
339.8
360.3
386.3
262.3
215.4
220
332.5
283.2
771.8
749.8
291
248.2
311.5
289
495.7
280.6
405.2
728.9
277.3
206.3
284.6
574.5
190.8
178.8
196.6
334.1
151.5
216.4
168.8
277.3
884.5
884.5
281.7
785.4
1209.8
1212.7
973.7
1100
785.4
1182.6
1033.6
101.8
168.9
191
723.7
315
312.9
150.6
254.4
99.8
301.4
156.3
136.2
247.1
154.2
215.3
217.9
165
243.3
226.3
254.2
376.4
191.5
374
308.9
267.1
273.6
454
245.4
418.1
350.9
357.9
325.6
373.2
352.9
393.7
351.6
407.9
392.5
394.1
409.8
428.6
357.8
332.4
389.1
281.2
399.9
458.2
206.4
240.2
147.3
216.6
91.2
99.3
190.2
178.2
181.5
317.4
176.8
257.3
282.8
161.6
229.4
154.7
289.4
271.2
190.6
64.3
100.1
101.1
115.8
107.3
47.2
77.9
112.5
108.6
66.6
260.8
30.1
96.4
65
53.2
39.5
38.9
79.3
55.9
35.8
72
15.9
96
59.9
83.9
75.1
109.5
110.3
32.6
68
35.7
50.3
64
75.4
72.7
27.1
84.3
59.2
84.3
84.3
1053.8
1227.2
1371.6
204
190.7
91.8
149.1
156.1
153
110.2
73.6
70.4
169.8
75.6
91.7
77
662.1
56.1
884.4
203.8
76.4
49.3
92.4
624.3
69.7
91.6
68.7
102.9
84.5
89.2
533
1055
670.2
591.4
955.2
792.9
595.4
398
772.9
228.9
788.9
1108.5
539.9
1110.4
